0 0.44097222187499996 0.6494140625 0.4513888890625 0.6865234375 0.4739583328125 0.6953125 0.5 0.6923828125 0.49652777812500004 0.6845703125 0.48090277812500004 0.6796875 0.47222222187499996 0.6708984375 0.46875 0.6318359375 0.46527777812500004 0.6201171875 0.4583333328125 0.6162109375 0.4583333328125 0.5869140625 0.46875 0.5791015625 0.46875 0.5693359375 0.45659722187499996 0.5546875 0.42881944375 0.544921875 0.4045138890625 0.529296875 0.390625 0.52734375 0.375 0.5361328125 0.3576388890625 0.5654296875 0.3576388890625 0.5947265625 0.375 0.6044921875 0.3923611109375 0.6337890625 0.40625 0.6787109375 0.40625 0.6962890625 0.421875 0.70703125 0.44097222187499996 0.7060546875 0.44444444375 0.7001953125 0.4270833328125 0.6806640625 0.42881944375 0.640625 0.44097222187499996 0.6494140625
0 0.5 0.4326171875 0.5 0.4208984375 0.49305555625 0.4130859375 0.48090277812500004 0.41015625 0.46527777812500004 0.4169921875 0.4548611109375 0.4306640625 0.46527777812500004 0.4638671875 0.4583333328125 0.4990234375 0.4479166671875 0.5185546875 0.4670138890625 0.5234375 0.47222222187499996 0.5185546875 0.46527777812500004 0.5107421875 0.48090277812500004 0.509765625 0.4861111109375 0.5126953125 0.4826388890625 0.5224609375 0.49131944375 0.52734375 0.5069444437499999 0.5263671875 0.49305555625 0.5107421875 0.5208333328125 0.5029296875 0.5173611109375 0.4580078125 0.5 0.4326171875
0 0.4045138890625 0.4765625 0.4270833328125 0.4736328125 0.4166666671875 0.4677734375 0.4166666671875 0.4052734375 0.40277777812500004 0.3876953125 0.40625 0.3779296875 0.39409722187499996 0.373046875 0.3576388890625 0.3857421875 0.35069444375000003 0.3974609375 0.34722222187499996 0.4248046875 0.34722222187499996 0.4580078125 0.35590277812500004 0.462890625 0.36805555624999997 0.4638671875 0.3732638890625 0.4765625 0.3888888890625 0.4775390625 0.390625 0.4609375 0.39930555624999997 0.4638671875 0.3958333328125 0.4716796875 0.4045138890625 0.4765625
0 0.4861111109375 0.3388671875 0.47743055625 0.3359375 0.4513888890625 0.3564453125 0.4513888890625 0.3916015625 0.4583333328125 0.4013671875 0.4479166671875 0.4189453125 0.4583333328125 0.4208984375 0.49305555625 0.3974609375 0.49305555625 0.3779296875 0.4791666671875 0.3583984375 0.4861111109375 0.3388671875
0 0.2951388890625 0.3701171875 0.30555555624999997 0.3662109375 0.30902777812500004 0.3564453125 0.28472222187499996 0.3330078125 0.27256944375000003 0.33203125 0.2673611109375 0.3447265625 0.2604166671875 0.3486328125 0.2604166671875 0.3701171875 0.27430555624999997 0.3896484375 0.27430555624999997 0.4248046875 0.2916666671875 0.4248046875 0.3020833328125 0.4111328125 0.3020833328125 0.3798828125 0.2951388890625 0.3759765625 0.2951388890625 0.3701171875
0 0.30902777812500004 0.3212890625 0.2986111109375 0.3388671875 0.31597222187499996 0.3720703125 0.31597222187499996 0.3759765625 0.30555555624999997 0.3798828125 0.30555555624999997 0.3896484375 0.3125 0.3896484375 0.3142361109375 0.37890625 0.3298611109375 0.3896484375 0.33680555624999997 0.3291015625 0.3298611109375 0.3193359375 0.32118055624999997 0.31640625 0.30902777812500004 0.3212890625
0 0.49652777812500004 0.2978515625 0.484375 0.294921875 0.47569444375 0.2998046875 0.47222222187499996 0.3115234375 0.47569444375 0.3310546875 0.4861111109375 0.3369140625 0.4826388890625 0.3623046875 0.4861111109375 0.3701171875 0.49305555625 0.3701171875 0.5 0.3251953125 0.5069444437499999 0.3212890625 0.5069444437499999 0.3154296875 0.49652777812500004 0.2978515625
0 0.4166666671875 0.3076171875 0.4010416671875 0.302734375 0.3888888890625 0.3251953125 0.39930555624999997 0.3427734375 0.3958333328125 0.3662109375 0.4010416671875 0.369140625 0.4166666671875 0.3681640625 0.4166666671875 0.3505859375 0.4236111109375 0.3447265625 0.4201388890625 0.3134765625 0.4166666671875 0.3076171875
0 0.3454861109375 0.330078125 0.33680555624999997 0.3369140625 0.33680555624999997 0.3798828125 0.3576388890625 0.3837890625 0.37152777812500004 0.3798828125 0.37152777812500004 0.3564453125 0.3576388890625 0.3330078125 0.3454861109375 0.330078125
0 0.3732638890625 0.287109375 0.3541666671875 0.3115234375 0.3541666671875 0.3251953125 0.359375 0.330078125 0.3854166671875 0.3310546875 0.3958333328125 0.3154296875 0.3958333328125 0.2978515625 0.38715277812500004 0.287109375 0.3732638890625 0.287109375
0 0.47222222187499996 0.2724609375 0.47569444375 0.2841796875 0.484375 0.2890625 0.4895833328125 0.2880859375 0.49652777812500004 0.2802734375 0.49652777812500004 0.2666015625 0.484375 0.255859375 0.47222222187499996 0.2724609375
0 0.43055555625 0.2724609375 0.4270833328125 0.2822265625 0.43402777812500004 0.2880859375 0.43402777812500004 0.2978515625 0.4479166671875 0.3037109375 0.4583333328125 0.2939453125 0.46180555625 0.2822265625 0.4427083328125 0.265625 0.43055555625 0.2724609375