0 0.1666666671875 0.7275390625 0.17361111093749998 0.7119140625 0.17881944375 0.7109375 0.18402777812499999 0.7177734375 0.19965277812499999 0.724609375 0.22048611093749998 0.724609375 0.222222221875 0.7158203125 0.215277778125 0.7099609375 0.20486111093749998 0.6572265625 0.19444444375 0.6376953125 0.17534722187500001 0.625 0.15798611093749998 0.62109375 0.1458333328125 0.6142578125 0.15277777812499999 0.6064453125 0.15277777812499999 0.5966796875 0.11631944375 0.58984375 0.10243055625 0.59375 0.090277778125 0.6025390625 0.097222221875 0.6162109375 0.07118055625 0.626953125 0.0486111109375 0.6435546875 0.027777778125000003 0.7080078125 0.027777778125000003 0.7236328125 0.03993055625 0.7265625 0.06423611093750001 0.705078125 0.06944444375 0.7119140625 0.065972221875 0.7314453125 0.074652778125 0.734375 0.08854166718749999 0.7265625 0.10069444375 0.7451171875 0.125 0.7529296875 0.125 0.8369140625 0.13368055625 0.841796875 0.1458333328125 0.8408203125 0.15625 0.8330078125 0.15277777812499999 0.8056640625 0.16319444375 0.7841796875 0.1666666671875 0.7275390625
0 0.36284722187499996 0.611328125 0.36805555624999997 0.6142578125 0.375 0.6611328125 0.38715277812500004 0.666015625 0.40277777812500004 0.6630859375 0.3923611109375 0.6513671875 0.40277777812500004 0.5771484375 0.3958333328125 0.5595703125 0.40972222187499996 0.5517578125 0.40972222187499996 0.5439453125 0.40277777812500004 0.5361328125 0.375 0.5205078125 0.37152777812500004 0.5107421875 0.359375 0.501953125 0.3385416671875 0.501953125 0.3333333328125 0.5048828125 0.30555555624999997 0.5380859375 0.30555555624999997 0.5556640625 0.3333333328125 0.6005859375 0.31944444375000003 0.6357421875 0.31597222187499996 0.6630859375 0.328125 0.669921875 0.34027777812500004 0.6689453125 0.34375 0.6611328125 0.33680555624999997 0.6552734375 0.33680555624999997 0.6474609375 0.36284722187499996 0.611328125
0 0.46875 0.5205078125 0.4513888890625 0.5126953125 0.46527777812500004 0.5068359375 0.46527777812500004 0.4755859375 0.47222222187499996 0.4658203125 0.46527777812500004 0.4365234375 0.4548611109375 0.4267578125 0.4513888890625 0.4111328125 0.44618055625 0.408203125 0.4322916671875 0.408203125 0.4201388890625 0.4150390625 0.4236111109375 0.4189453125 0.40277777812500004 0.4404296875 0.40277777812500004 0.4560546875 0.41319444375 0.4658203125 0.41319444375 0.5068359375 0.4236111109375 0.5126953125 0.4236111109375 0.5283203125 0.43402777812500004 0.5283203125 0.4357638890625 0.509765625 0.4427083328125 0.521484375 0.4635416671875 0.5234375 0.46875 0.5205078125
0 0.3854166671875 0.4423828125 0.40277777812500004 0.4384765625 0.4166666671875 0.4169921875 0.40277777812500004 0.3779296875 0.3888888890625 0.3701171875 0.3888888890625 0.3623046875 0.3802083328125 0.359375 0.34027777812500004 0.3759765625 0.34027777812500004 0.3896484375 0.34722222187499996 0.3994140625 0.34375 0.4423828125 0.3541666671875 0.4462890625 0.3541666671875 0.4599609375 0.359375 0.462890625 0.36805555624999997 0.4619140625 0.3767361109375 0.45703125 0.3923611109375 0.4560546875 0.3854166671875 0.4521484375 0.3854166671875 0.4423828125
0 0.46527777812500004 0.2998046875 0.4548611109375 0.3154296875 0.4583333328125 0.3271484375 0.46875 0.3349609375 0.47222222187499996 0.3662109375 0.4826388890625 0.3662109375 0.49652777812500004 0.3212890625 0.49305555625 0.2998046875 0.484375 0.291015625 0.46527777812500004 0.2998046875
0 0.4583333328125 0.3779296875 0.44444444375 0.3583984375 0.4479166671875 0.3486328125 0.44444444375 0.3427734375 0.4357638890625 0.33984375 0.4236111109375 0.3447265625 0.4236111109375 0.3544921875 0.40277777812500004 0.3701171875 0.40277777812500004 0.3818359375 0.41319444375 0.3896484375 0.4166666671875 0.3994140625 0.41319444375 0.4052734375 0.4166666671875 0.4111328125 0.4236111109375 0.4111328125 0.4322916671875 0.40625 0.4513888890625 0.4072265625 0.4513888890625 0.3896484375 0.4583333328125 0.3779296875
0 0.35590277812500004 0.310546875 0.34722222187499996 0.3115234375 0.33680555624999997 0.3310546875 0.34027777812500004 0.3662109375 0.34722222187499996 0.3701171875 0.375 0.3583984375 0.375 0.3310546875 0.3645833328125 0.3154296875 0.35590277812500004 0.310546875
0 0.421875 0.3046875 0.41493055625 0.3046875 0.3958333328125 0.3193359375 0.3958333328125 0.3466796875 0.40277777812500004 0.3525390625 0.40277777812500004 0.3603515625 0.40972222187499996 0.3623046875 0.4201388890625 0.3427734375 0.4375 0.3330078125 0.43055555625 0.3115234375 0.421875 0.3046875
0 0.46875 0.3486328125 0.46527777812500004 0.3291015625 0.45659722187499996 0.326171875 0.46180555625 0.3486328125 0.46875 0.3486328125
0 0.4583333328125 0.2880859375 0.4479166671875 0.2998046875 0.4479166671875 0.3212890625 0.4548611109375 0.3232421875 0.4548611109375 0.3154296875 0.47222222187499996 0.2939453125 0.4704861109375 0.283203125 0.4583333328125 0.2880859375
0 0.42881944375 0.26953125 0.4201388890625 0.2744140625 0.4201388890625 0.2900390625 0.43402777812500004 0.3212890625 0.44444444375 0.3232421875 0.4548611109375 0.2861328125 0.44444444375 0.2802734375 0.44444444375 0.2763671875 0.42881944375 0.26953125