0 0.47222222187499996 0.6884765625 0.47222222187499996 0.7080078125 0.47743055625 0.7109375 0.484375 0.708984375 0.5052083328125 0.716796875 0.5138888890625 0.7138671875 0.5138888890625 0.7080078125 0.49652777812500004 0.6982421875 0.49305555625 0.6884765625 0.5104166671875 0.6494140625 0.5104166671875 0.6298828125 0.5173611109375 0.6142578125 0.5138888890625 0.5966796875 0.53125 0.5908203125 0.527777778125 0.5771484375 0.5173611109375 0.5712890625 0.5138888890625 0.5634765625 0.49305555625 0.5498046875 0.4895833328125 0.5400390625 0.4704861109375 0.53125 0.4513888890625 0.5361328125 0.4236111109375 0.5673828125 0.4166666671875 0.5830078125 0.4201388890625 0.6083984375 0.4479166671875 0.6396484375 0.4548611109375 0.6552734375 0.4548611109375 0.6669921875 0.4375 0.6826171875 0.4270833328125 0.7001953125 0.4375 0.7138671875 0.44965277812500004 0.71875 0.4548611109375 0.7177734375 0.46180555625 0.7138671875 0.4583333328125 0.6923828125 0.4670138890625 0.685546875 0.47222222187499996 0.6884765625
0 0.519097221875 0.51953125 0.527777778125 0.5166015625 0.5208333328125 0.5068359375 0.53125 0.5009765625 0.53125 0.4775390625 0.5416666671875 0.4677734375 0.5416666671875 0.4384765625 0.534722221875 0.4267578125 0.5243055562500001 0.4208984375 0.5243055562500001 0.4111328125 0.512152778125 0.40234375 0.49305555625 0.4091796875 0.47222222187499996 0.4365234375 0.47222222187499996 0.4482421875 0.4826388890625 0.4599609375 0.4861111109375 0.4736328125 0.4861111109375 0.5205078125 0.49131944375 0.5234375 0.503472221875 0.5224609375 0.5017361109375 0.50390625 0.5069444437499999 0.5048828125 0.5069444437499999 0.5126953125 0.519097221875 0.51953125
0 0.4513888890625 0.4501953125 0.44097222187499996 0.4248046875 0.44444444375 0.3994140625 0.43402777812500004 0.3935546875 0.43055555625 0.3857421875 0.4375 0.3759765625 0.42881944375 0.37109375 0.41840277812500004 0.37109375 0.39409722187499996 0.37890625 0.38194444375000003 0.3876953125 0.3854166671875 0.4169921875 0.37847222187499996 0.4345703125 0.38194444375000003 0.4560546875 0.39930555624999997 0.4619140625 0.39930555624999997 0.4755859375 0.4079861109375 0.48046875 0.4236111109375 0.4794921875 0.43055555625 0.4755859375 0.4270833328125 0.4599609375 0.4427083328125 0.45703125 0.4513888890625 0.4501953125
0 0.28993055624999997 0.390625 0.28472222187499996 0.3818359375 0.30034722187499996 0.380859375 0.30555555624999997 0.3740234375 0.28125 0.3466796875 0.265625 0.34375 0.2638888890625 0.3505859375 0.246527778125 0.3662109375 0.246527778125 0.3779296875 0.25347222187499996 0.3935546875 0.2604166671875 0.3974609375 0.2673611109375 0.4248046875 0.2638888890625 0.4384765625 0.27256944375000003 0.439453125 0.2795138890625 0.4453125 0.28472222187499996 0.4443359375 0.2916666671875 0.4345703125 0.2986111109375 0.4013671875 0.2986111109375 0.3876953125 0.28993055624999997 0.390625
0 0.5104166671875 0.3994140625 0.5069444437499999 0.3876953125 0.5138888890625 0.3798828125 0.5 0.3583984375 0.5 0.3525390625 0.5069444437499999 0.3486328125 0.5069444437499999 0.3369140625 0.5017361109375 0.333984375 0.49131944375 0.333984375 0.4826388890625 0.3388671875 0.4826388890625 0.3466796875 0.46527777812500004 0.3642578125 0.47569444375 0.3681640625 0.4791666671875 0.3740234375 0.4791666671875 0.3818359375 0.46527777812500004 0.3837890625 0.46527777812500004 0.3916015625 0.4826388890625 0.4052734375 0.47222222187499996 0.4248046875 0.4791666671875 0.4248046875 0.4861111109375 0.4208984375 0.4861111109375 0.4130859375 0.49305555625 0.4072265625 0.5104166671875 0.3994140625
0 0.3298611109375 0.3388671875 0.31597222187499996 0.3310546875 0.31597222187499996 0.3251953125 0.30381944375000003 0.322265625 0.2986111109375 0.3310546875 0.28472222187499996 0.3369140625 0.28472222187499996 0.3525390625 0.2986111109375 0.3623046875 0.30555555624999997 0.3740234375 0.3020833328125 0.3994140625 0.3072916671875 0.404296875 0.31597222187499996 0.4033203125 0.31944444375000003 0.3740234375 0.3298611109375 0.3662109375 0.3333333328125 0.3525390625 0.3298611109375 0.3388671875
0 0.43402777812500004 0.2919921875 0.421875 0.2890625 0.4166666671875 0.2978515625 0.40625 0.3017578125 0.40625 0.3173828125 0.4236111109375 0.3388671875 0.4236111109375 0.3583984375 0.4270833328125 0.3642578125 0.43402777812500004 0.3642578125 0.4375 0.3505859375 0.44444444375 0.3486328125 0.4479166671875 0.3232421875 0.43402777812500004 0.2919921875
0 0.40625 0.3291015625 0.390625 0.32421875 0.38194444375000003 0.3310546875 0.375 0.3505859375 0.375 0.3740234375 0.38715277812500004 0.37890625 0.3958333328125 0.3779296875 0.40972222187499996 0.3720703125 0.40972222187499996 0.3466796875 0.40277777812500004 0.3408203125 0.40625 0.3291015625
0 0.39930555624999997 0.3095703125 0.3802083328125 0.291015625 0.3697916671875 0.291015625 0.35069444375000003 0.3076171875 0.3576388890625 0.3466796875 0.3611111109375 0.3525390625 0.37152777812500004 0.3544921875 0.37847222187499996 0.3525390625 0.38194444375000003 0.3291015625 0.39930555624999997 0.3193359375 0.39930555624999997 0.3095703125
0 0.48784722187499996 0.283203125 0.47222222187499996 0.2998046875 0.4861111109375 0.3115234375 0.4895833328125 0.3271484375 0.49652777812500004 0.3310546875 0.5069444437499999 0.3134765625 0.5 0.3056640625 0.49652777812500004 0.2861328125 0.48784722187499996 0.283203125
0 0.4583333328125 0.2861328125 0.44444444375 0.3037109375 0.4513888890625 0.3173828125 0.46180555625 0.3173828125 0.47222222187499996 0.3056640625 0.47569444375 0.2919921875 0.4670138890625 0.283203125 0.4583333328125 0.2861328125