0 0.6163194437499999 0.837890625 0.6197916671875 0.83984375 0.6493055562500001 0.8193359375 0.6354166671875 0.7919921875 0.621527778125 0.7880859375 0.628472221875 0.7841796875 0.625 0.7705078125 0.6545138890625 0.7578125 0.6857638890625 0.759765625 0.690972221875 0.7568359375 0.6875 0.7314453125 0.6736111109375 0.7080078125 0.6631944437499999 0.7001953125 0.652777778125 0.6748046875 0.6336805562500001 0.6640625 0.6163194437499999 0.66015625 0.5885416671875 0.6640625 0.559027778125 0.6884765625 0.5416666671875 0.7470703125 0.5416666671875 0.7724609375 0.5625 0.7900390625 0.5694444437499999 0.8212890625 0.5798611109375 0.8271484375 0.5763888890625 0.8544921875 0.5868055562500001 0.8779296875 0.6145833328125 0.8544921875 0.6180555562500001 0.8466796875 0.6111111109375 0.8408203125 0.6163194437499999 0.837890625
0 0.784722221875 0.8642578125 0.784722221875 0.8525390625 0.8055555562500001 0.8369140625 0.8055555562500001 0.8193359375 0.7951388890625 0.8056640625 0.7760416671875 0.79296875 0.703125 0.7734375 0.6892361109375 0.759765625 0.6510416671875 0.7578125 0.625 0.7685546875 0.625 0.7744140625 0.6354166671875 0.7880859375 0.6631944437499999 0.8017578125 0.6493055562500001 0.8095703125 0.652777778125 0.8193359375 0.625 0.8388671875 0.6076388890625 0.8662109375 0.5729166671875 0.8916015625 0.5694444437499999 0.9052734375 0.578125 0.90625 0.6232638890625 0.875 0.644097221875 0.869140625 0.668402778125 0.87109375 0.6944444437499999 0.8837890625 0.7013888890625 0.8916015625 0.7048611109375 0.9033203125 0.6979166671875 0.9130859375 0.6979166671875 0.9306640625 0.703125 0.935546875 0.71875 0.9345703125 0.7552083328125 0.927734375 0.7743055562500001 0.9150390625 0.777777778125 0.8681640625 0.784722221875 0.8642578125
0 0.6979166671875 0.9384765625 0.7013888890625 0.9091796875 0.7013888890625 0.8935546875 0.6944444437499999 0.8857421875 0.6579861109375 0.869140625 0.640625 0.87109375 0.6163194437499999 0.87890625 0.6006944437499999 0.8896484375 0.6006944437499999 0.8994140625 0.5850694437499999 0.90234375 0.578125 0.91015625 0.5572916671875 0.9140625 0.53125 0.9267578125 0.53125 0.9345703125 0.5173611109375 0.9541015625 0.5173611109375 0.9658203125 0.5381944437499999 0.9658203125 0.6545138890625 0.9453125 0.671875 0.939453125 0.6927083328125 0.94140625 0.6979166671875 0.9384765625
0 0.1232638890625 0.66015625 0.1076388890625 0.6572265625 0.09375 0.6337890625 0.07291666718749999 0.6181640625 0.0625 0.6005859375 0.055555556250000006 0.5537109375 0.03819444375 0.5302734375 0.0416666671875 0.5048828125 0.02256944375 0.498046875 0.0017361109374999999 0.5 0 0.6630859375 0.006944443749999999 0.6611328125 0.0208333328125 0.6298828125 0.0295138890625 0.625 0.065972221875 0.6455078125 0.09375 0.6748046875 0.09895833281250001 0.677734375 0.1076388890625 0.6767578125 0.13368055625 0.669921875 0.1458333328125 0.6572265625 0.13715277812499999 0.65625 0.1232638890625 0.66015625
0 0.39930555624999997 0.5029296875 0.40277777812500004 0.4619140625 0.3958333328125 0.4443359375 0.359375 0.431640625 0.3576388890625 0.4267578125 0.3385416671875 0.419921875 0.3229166671875 0.4267578125 0.3229166671875 0.4326171875 0.3333333328125 0.4365234375 0.3333333328125 0.4462890625 0.3263888890625 0.4521484375 0.31944444375000003 0.4775390625 0.30902777812500004 0.4833984375 0.30555555624999997 0.4912109375 0.3107638890625 0.49609375 0.3263888890625 0.4951171875 0.3263888890625 0.5302734375 0.3576388890625 0.5576171875 0.35069444375000003 0.5693359375 0.35590277812500004 0.572265625 0.37847222187499996 0.5712890625 0.39409722187499996 0.5703125 0.40277777812500004 0.5654296875 0.3923611109375 0.5107421875 0.39930555624999997 0.5029296875
0 0.48784722187499996 0.42578125 0.5086805562500001 0.42578125 0.5138888890625 0.4287109375 0.5138888890625 0.4365234375 0.519097221875 0.4375 0.5243055562500001 0.4345703125 0.5243055562500001 0.4248046875 0.5381944437499999 0.4189453125 0.5416666671875 0.4130859375 0.527777778125 0.3935546875 0.5069444437499999 0.3837890625 0.503472221875 0.3759765625 0.49131944375 0.37109375 0.484375 0.37109375 0.4548611109375 0.3876953125 0.44097222187499996 0.4150390625 0.44444444375 0.4228515625 0.46180555625 0.4287109375 0.46527777812500004 0.4658203125 0.47569444375 0.4755859375 0.47569444375 0.4931640625 0.48090277812500004 0.498046875 0.4861111109375 0.4970703125 0.4791666671875 0.4833984375 0.4861111109375 0.4638671875 0.4826388890625 0.4287109375 0.48784722187499996 0.42578125
0 0.59375 0.4619140625 0.597222221875 0.4677734375 0.5885416671875 0.47265625 0.5763888890625 0.4736328125 0.5833333328125 0.4775390625 0.6111111109375 0.4716796875 0.609375 0.45703125 0.5989583328125 0.45703125 0.59375 0.4619140625
0 0.6267361109375 0.34375 0.609375 0.341796875 0.6006944437499999 0.3447265625 0.590277778125 0.3583984375 0.5798611109375 0.3642578125 0.5763888890625 0.3779296875 0.597222221875 0.3818359375 0.6006944437499999 0.4052734375 0.625 0.4052734375 0.625 0.3974609375 0.6354166671875 0.3916015625 0.6319444437499999 0.3486328125 0.6267361109375 0.34375
0 0.59375 0.3251953125 0.5850694437499999 0.3203125 0.5798611109375 0.3212890625 0.5763888890625 0.3310546875 0.565972221875 0.3369140625 0.5555555562500001 0.3525390625 0.559027778125 0.3798828125 0.5694444437499999 0.3818359375 0.5763888890625 0.3779296875 0.5763888890625 0.3681640625 0.597222221875 0.3466796875 0.59375 0.3251953125
0 0.44097222187499996 0.3056640625 0.4236111109375 0.2958984375 0.4236111109375 0.2900390625 0.4079861109375 0.287109375 0.3888888890625 0.3056640625 0.3854166671875 0.3193359375 0.4045138890625 0.333984375 0.4201388890625 0.3369140625 0.4201388890625 0.3427734375 0.43055555625 0.3486328125 0.43055555625 0.3583984375 0.4375 0.3642578125 0.44097222187499996 0.3388671875 0.4548611109375 0.3349609375 0.4548611109375 0.3271484375 0.44097222187499996 0.3056640625
0 0.527777778125 0.3017578125 0.53125 0.2939453125 0.5260416671875 0.291015625 0.5086805562500001 0.291015625 0.47222222187499996 0.3212890625 0.47222222187499996 0.3330078125 0.4982638890625 0.34765625 0.512152778125 0.34375 0.5260416671875 0.353515625 0.534722221875 0.3525390625 0.5416666671875 0.3486328125 0.5451388890625 0.3310546875 0.5416666671875 0.3115234375 0.527777778125 0.3017578125
0 0.5416666671875 0.7392578125 0.5520833328125 0.7001953125 0.559027778125 0.6865234375 0.5798611109375 0.6689453125 0.5920138890625 0.662109375 0.605902778125 0.658203125 0.6163194437499999 0.662109375 0.621527778125 0.6572265625 0.621527778125 0.6435546875 0.6145833328125 0.6318359375 0.5989583328125 0.623046875 0.5833333328125 0.6201171875 0.5763888890625 0.6025390625 0.5642361109375 0.59765625 0.5399305562500001 0.59765625 0.527777778125 0.6025390625 0.5243055562500001 0.6279296875 0.47569444375 0.6513671875 0.4548611109375 0.6884765625 0.4548611109375 0.7021484375 0.46527777812500004 0.7138671875 0.5 0.7353515625 0.503472221875 0.7412109375 0.5069444437499999 0.7861328125 0.527777778125 0.8486328125 0.5364583328125 0.853515625 0.5520833328125 0.8544921875 0.5625 0.8154296875 0.5555555562500001 0.7880859375 0.5416666671875 0.7763671875 0.5416666671875 0.7392578125
0 0.581597221875 0.587890625 0.5711805562500001 0.591796875 0.5729166671875 0.5810546875 0.5625 0.5751953125 0.5625 0.5712890625 0.550347221875 0.56640625 0.5364583328125 0.568359375 0.5243055562500001 0.5751953125 0.5243055562500001 0.5888671875 0.5173611109375 0.5986328125 0.5017361109375 0.6015625 0.4861111109375 0.6123046875 0.4791666671875 0.6279296875 0.4791666671875 0.6455078125 0.484375 0.646484375 0.5208333328125 0.6279296875 0.527777778125 0.6005859375 0.5399305562500001 0.595703125 0.5607638890625 0.595703125 0.5763888890625 0.6005859375 0.5833333328125 0.6181640625 0.6145833328125 0.6298828125 0.621527778125 0.6416015625 0.621527778125 0.6572265625 0.6267361109375 0.66015625 0.6354166671875 0.6591796875 0.6423611109375 0.6513671875 0.6423611109375 0.6279296875 0.6180555562500001 0.6005859375 0.581597221875 0.587890625
0 0.5572916671875 0.56640625 0.578125 0.580078125 0.5833333328125 0.5771484375 0.5798611109375 0.5634765625 0.590277778125 0.5537109375 0.5868055562500001 0.5322265625 0.5763888890625 0.5205078125 0.5520833328125 0.5087890625 0.5486111109375 0.4833984375 0.5399305562500001 0.4765625 0.5295138890625 0.474609375 0.5104166671875 0.4794921875 0.5 0.4951171875 0.47569444375 0.5166015625 0.48090277812500004 0.53125 0.5017361109375 0.525390625 0.515625 0.52734375 0.534722221875 0.5380859375 0.5416666671875 0.5498046875 0.5381944437499999 0.5595703125 0.5329861109375 0.5625 0.5225694437499999 0.560546875 0.519097221875 0.564453125 0.5138888890625 0.5576171875 0.4982638890625 0.55078125 0.49131944375 0.55078125 0.4826388890625 0.5576171875 0.49652777812500004 0.6005859375 0.5069444437499999 0.6005859375 0.5208333328125 0.5908203125 0.5243055562500001 0.5712890625 0.5329861109375 0.56640625 0.5572916671875 0.56640625
0 0.684027778125 0.5517578125 0.684027778125 0.5126953125 0.6736111109375 0.4951171875 0.652777778125 0.4794921875 0.659722221875 0.4677734375 0.65625 0.4560546875 0.640625 0.451171875 0.6267361109375 0.451171875 0.6180555562500001 0.4736328125 0.5885416671875 0.478515625 0.5798611109375 0.4833984375 0.5694444437499999 0.5146484375 0.5798611109375 0.5205078125 0.590277778125 0.5341796875 0.590277778125 0.5849609375 0.5954861109375 0.58984375 0.612847221875 0.59375 0.625 0.6005859375 0.6336805562500001 0.611328125 0.6388888890625 0.6103515625 0.652777778125 0.5830078125 0.652777778125 0.5693359375 0.6631944437499999 0.5595703125 0.684027778125 0.5517578125
0 0.644097221875 0.451171875 0.6493055562500001 0.4482421875 0.6493055562500001 0.4306640625 0.6388888890625 0.4228515625 0.6388888890625 0.4130859375 0.6302083328125 0.40625 0.605902778125 0.408203125 0.5625 0.4384765625 0.559027778125 0.4580078125 0.5729166671875 0.4619140625 0.5729166671875 0.4794921875 0.5833333328125 0.4814453125 0.6180555562500001 0.4716796875 0.6180555562500001 0.4599609375 0.6302083328125 0.44921875 0.644097221875 0.451171875
0 0.652777778125 0.4287109375 0.6493055562500001 0.4384765625 0.652777778125 0.4521484375 0.6631944437499999 0.4619140625 0.659722221875 0.4814453125 0.6770833328125 0.4970703125 0.6875 0.5126953125 0.6875 0.5224609375 0.6944444437499999 0.5224609375 0.7048611109375 0.4306640625 0.6961805562500001 0.42578125 0.6649305562500001 0.423828125 0.652777778125 0.4287109375
0 0.47222222187499996 0.8974609375 0.4583333328125 0.8681640625 0.46875 0.8291015625 0.49131944375 0.830078125 0.5 0.8193359375 0.4861111109375 0.8056640625 0.4861111109375 0.7646484375 0.4357638890625 0.728515625 0.41493055625 0.720703125 0.37847222187499996 0.7138671875 0.375 0.6962890625 0.359375 0.685546875 0.32465277812500004 0.68359375 0.2986111109375 0.6982421875 0.3020833328125 0.7177734375 0.3125 0.7294921875 0.3229166671875 0.7333984375 0.31944444375000003 0.7490234375 0.30902777812500004 0.7529296875 0.30555555624999997 0.7587890625 0.30555555624999997 0.8173828125 0.2986111109375 0.8271484375 0.2708333328125 0.8427734375 0.2673611109375 0.8583984375 0.2760416671875 0.865234375 0.296875 0.865234375 0.3125 0.8701171875 0.3125 0.8955078125 0.3177083328125 0.8984375 0.35243055624999997 0.900390625 0.359375 0.90625 0.3767361109375 0.90625 0.3802083328125 0.912109375 0.3888888890625 0.9091796875 0.3958333328125 0.8857421875 0.4045138890625 0.880859375 0.41840277812500004 0.8828125 0.44444444375 0.8994140625 0.4513888890625 0.9189453125 0.46180555625 0.9267578125 0.46180555625 0.9384765625 0.4548611109375 0.9423828125 0.4548611109375 0.9501953125 0.4479166671875 0.9521484375 0.4479166671875 0.9560546875 0.503472221875 0.9599609375 0.5104166671875 0.9560546875 0.5104166671875 0.9404296875 0.49652777812500004 0.9189453125 0.47222222187499996 0.8974609375