0 0.46527777812500004 0.5205078125 0.484375 0.51953125 0.4895833328125 0.5166015625 0.4895833328125 0.4931640625 0.4791666671875 0.4404296875 0.47222222187499996 0.4365234375 0.4791666671875 0.4287109375 0.4670138890625 0.421875 0.4635416671875 0.423828125 0.453125 0.419921875 0.4375 0.4248046875 0.4270833328125 0.4365234375 0.43055555625 0.4951171875 0.43402777812500004 0.5166015625 0.44444444375 0.5283203125 0.44097222187499996 0.5361328125 0.453125 0.54296875 0.46527777812500004 0.5419921875 0.46527777812500004 0.5361328125 0.47569444375 0.5322265625 0.46527777812500004 0.5263671875 0.46527777812500004 0.5205078125
0 0.3541666671875 0.6259765625 0.3576388890625 0.6689453125 0.3697916671875 0.67578125 0.3854166671875 0.6748046875 0.375 0.6455078125 0.3854166671875 0.6181640625 0.3888888890625 0.5693359375 0.3958333328125 0.5673828125 0.3958333328125 0.5517578125 0.3888888890625 0.5439453125 0.33506944375000003 0.509765625 0.32118055624999997 0.51171875 0.30902777812500004 0.5205078125 0.2916666671875 0.5458984375 0.2916666671875 0.5654296875 0.31597222187499996 0.6044921875 0.31597222187499996 0.6201171875 0.2986111109375 0.6708984375 0.3072916671875 0.677734375 0.3263888890625 0.6787109375 0.3298611109375 0.6728515625 0.31944444375000003 0.6591796875 0.3489583328125 0.62109375 0.3541666671875 0.6259765625
0 0.4270833328125 0.4580078125 0.4270833328125 0.4501953125 0.4236111109375 0.4072265625 0.40972222187499996 0.3935546875 0.40972222187499996 0.3837890625 0.4010416671875 0.37890625 0.390625 0.37890625 0.3802083328125 0.38671875 0.3611111109375 0.3935546875 0.3576388890625 0.4033203125 0.3645833328125 0.4189453125 0.3645833328125 0.4638671875 0.3697916671875 0.46875 0.38194444375000003 0.4697265625 0.37847222187499996 0.4853515625 0.38368055624999997 0.48828125 0.39930555624999997 0.4873046875 0.4166666671875 0.4794921875 0.40277777812500004 0.4716796875 0.40277777812500004 0.4677734375 0.4270833328125 0.4580078125
0 0.4479166671875 0.3623046875 0.4479166671875 0.3525390625 0.4427083328125 0.349609375 0.4322916671875 0.349609375 0.4236111109375 0.3544921875 0.4236111109375 0.3642578125 0.40972222187499996 0.3720703125 0.41319444375 0.3935546875 0.4236111109375 0.4052734375 0.4270833328125 0.4248046875 0.43402777812500004 0.4267578125 0.4548611109375 0.4130859375 0.4548611109375 0.3916015625 0.44097222187499996 0.3740234375 0.4479166671875 0.3623046875
0 0.49305555625 0.3779296875 0.49305555625 0.3720703125 0.4791666671875 0.3603515625 0.47569444375 0.3486328125 0.4635416671875 0.34765625 0.44444444375 0.3681640625 0.44444444375 0.3779296875 0.4548611109375 0.3955078125 0.4548611109375 0.4169921875 0.47569444375 0.4228515625 0.47569444375 0.4091796875 0.4861111109375 0.3974609375 0.4861111109375 0.3798828125 0.49305555625 0.3779296875
0 0.4322916671875 0.29296875 0.4201388890625 0.2978515625 0.4166666671875 0.3173828125 0.4236111109375 0.3466796875 0.43402777812500004 0.3466796875 0.4479166671875 0.3154296875 0.44097222187499996 0.3095703125 0.44097222187499996 0.2978515625 0.4322916671875 0.29296875
0 0.4583333328125 0.3056640625 0.4583333328125 0.3212890625 0.46875 0.3408203125 0.4739583328125 0.34375 0.4826388890625 0.3427734375 0.4895833328125 0.3154296875 0.4826388890625 0.2998046875 0.4739583328125 0.294921875 0.4583333328125 0.3056640625
0 0.3611111109375 0.3447265625 0.3454861109375 0.341796875 0.3333333328125 0.3583984375 0.33680555624999997 0.3857421875 0.3454861109375 0.390625 0.3645833328125 0.3916015625 0.375 0.3857421875 0.37152777812500004 0.3623046875 0.3611111109375 0.3544921875 0.3611111109375 0.3447265625
0 0.3732638890625 0.30859375 0.3611111109375 0.3212890625 0.3611111109375 0.3349609375 0.36631944375000003 0.341796875 0.3854166671875 0.3408203125 0.3888888890625 0.3291015625 0.39930555624999997 0.3193359375 0.38368055624999997 0.30859375 0.3732638890625 0.30859375
0 0.3420138890625 0.30078125 0.3298611109375 0.3037109375 0.31944444375000003 0.3154296875 0.3298611109375 0.3525390625 0.33680555624999997 0.3525390625 0.34375 0.3427734375 0.3611111109375 0.3388671875 0.3611111109375 0.3134765625 0.3420138890625 0.30078125
0 0.4079861109375 0.314453125 0.3923611109375 0.3251953125 0.3888888890625 0.3427734375 0.39930555624999997 0.3525390625 0.39930555624999997 0.3623046875 0.40972222187499996 0.3662109375 0.4236111109375 0.3525390625 0.4236111109375 0.3369140625 0.4166666671875 0.3193359375 0.4079861109375 0.314453125