0 0.4791666671875 0.4990234375 0.4791666671875 0.4521484375 0.47222222187499996 0.4423828125 0.47569444375 0.4326171875 0.46527777812500004 0.4208984375 0.46180555625 0.4072265625 0.45659722187499996 0.404296875 0.4427083328125 0.404296875 0.43402777812500004 0.4150390625 0.4201388890625 0.4189453125 0.4236111109375 0.4716796875 0.43055555625 0.5029296875 0.44097222187499996 0.5087890625 0.43402777812500004 0.5205078125 0.4427083328125 0.52734375 0.46180555625 0.5263671875 0.46180555625 0.5205078125 0.46875 0.5166015625 0.4583333328125 0.5087890625 0.4791666671875 0.4990234375
0 0.36284722187499996 0.609375 0.36805555624999997 0.6103515625 0.36805555624999997 0.6337890625 0.375 0.6455078125 0.37152777812500004 0.6552734375 0.3802083328125 0.662109375 0.39409722187499996 0.6640625 0.40277777812500004 0.6611328125 0.40277777812500004 0.6552734375 0.3923611109375 0.6455078125 0.3923611109375 0.6298828125 0.39930555624999997 0.6142578125 0.39930555624999997 0.5556640625 0.40972222187499996 0.5517578125 0.40972222187499996 0.5380859375 0.375 0.5166015625 0.359375 0.498046875 0.3420138890625 0.498046875 0.3333333328125 0.5029296875 0.30902777812500004 0.5283203125 0.30555555624999997 0.5400390625 0.30902777812500004 0.5595703125 0.31944444375000003 0.5693359375 0.31944444375000003 0.5771484375 0.3333333328125 0.5966796875 0.3333333328125 0.6064453125 0.31944444375000003 0.6337890625 0.31597222187499996 0.6591796875 0.32118055624999997 0.6640625 0.33680555624999997 0.6669921875 0.34722222187499996 0.6630859375 0.33680555624999997 0.6494140625 0.34027777812500004 0.6396484375 0.36284722187499996 0.609375
0 0.41319444375 0.4306640625 0.41319444375 0.4208984375 0.40625 0.4052734375 0.40625 0.3759765625 0.3923611109375 0.3662109375 0.3923611109375 0.3603515625 0.3802083328125 0.357421875 0.34375 0.3740234375 0.34375 0.3916015625 0.35069444375000003 0.4013671875 0.35069444375000003 0.4384765625 0.36805555624999997 0.4423828125 0.37152777812500004 0.4580078125 0.3767361109375 0.4609375 0.3854166671875 0.4599609375 0.3923611109375 0.4541015625 0.3854166671875 0.4501953125 0.3854166671875 0.4423828125 0.41319444375 0.4306640625
0 0.49305555625 0.2900390625 0.484375 0.28515625 0.46180555625 0.2978515625 0.46180555625 0.3134765625 0.47222222187499996 0.3349609375 0.47222222187499996 0.3603515625 0.4826388890625 0.3623046875 0.4791666671875 0.3583984375 0.48784722187499996 0.34375 0.49305555625 0.3623046875 0.5069444437499999 0.3623046875 0.5 0.3427734375 0.5 0.3173828125 0.5069444437499999 0.3095703125 0.49305555625 0.2900390625
0 0.46180555625 0.3525390625 0.46180555625 0.3427734375 0.45659722187499996 0.337890625 0.44618055625 0.337890625 0.4375 0.3408203125 0.4270833328125 0.3798828125 0.4375 0.3876953125 0.44097222187499996 0.4033203125 0.4583333328125 0.4052734375 0.46180555625 0.4208984375 0.46875 0.4267578125 0.4791666671875 0.4033203125 0.4791666671875 0.3759765625 0.47222222187499996 0.3603515625 0.46180555625 0.3525390625
0 0.40277777812500004 0.3154296875 0.40277777812500004 0.3251953125 0.40972222187499996 0.3330078125 0.40625 0.3623046875 0.40972222187499996 0.3701171875 0.41493055625 0.373046875 0.4236111109375 0.3720703125 0.44444444375 0.3310546875 0.43055555625 0.3076171875 0.41840277812500004 0.302734375 0.40277777812500004 0.3154296875
0 0.36805555624999997 0.3330078125 0.375 0.3427734375 0.375 0.3564453125 0.38715277812500004 0.357421875 0.3958333328125 0.3623046875 0.3958333328125 0.3681640625 0.40625 0.3701171875 0.40972222187499996 0.3330078125 0.40277777812500004 0.3134765625 0.38715277812500004 0.310546875 0.36805555624999997 0.3330078125
0 0 0.9072265625 0.00868055625 0.908203125 0.013888889062500001 0.9052734375 0.0329861109375 0.876953125 0.03993055625 0.876953125 0.055555556250000006 0.8896484375 0.07986111093750001 0.8994140625 0.07986111093750001 0.9267578125 0.08333333281250001 0.9345703125 0.09375 0.9384765625 0.097222221875 0.9443359375 0.097222221875 0.9951171875 0.10243055625 1 0.13888888906250002 0.9990234375 0.13888888906250002 0.9052734375 0.14930555625 0.8642578125 0.15451388906250002 0.86328125 0.15972222187500001 0.8701171875 0.16840277812499999 0.873046875 0.18923611093749998 0.875 0.21701388906250002 0.873046875 0.22569444375 0.8623046875 0.19097222187500001 0.8310546875 0.18402777812499999 0.7939453125 0.16319444375 0.7626953125 0.1041666671875 0.7470703125 0.1111111109375 0.7236328125 0.09895833281250001 0.71484375 0.0607638890625 0.71484375 0.043402778125 0.71875 0.03125 0.7255859375 0.03125 0.7412109375 0.0416666671875 0.7509765625 0.0295138890625 0.759765625 0.015625 0.76171875 0 0.7705078125 0 0.9072265625
0 0.3333333328125 0.3056640625 0.34027777812500004 0.3154296875 0.35069444375000003 0.3193359375 0.3645833328125 0.3076171875 0.359375 0.287109375 0.34722222187499996 0.2900390625 0.3333333328125 0.3056640625
0 0.31597222187499996 0.3271484375 0.3125 0.3369140625 0.3333333328125 0.3720703125 0.34375 0.3740234375 0.35069444375000003 0.3662109375 0.35069444375000003 0.3291015625 0.33159722187499996 0.3125 0.31597222187499996 0.3271484375
0 0.47569444375 0.2783203125 0.4861111109375 0.2802734375 0.49305555625 0.2685546875 0.49131944375 0.25 0.47222222187499996 0.2548828125 0.47569444375 0.2783203125
0 0.4201388890625 0.2763671875 0.4201388890625 0.2841796875 0.43402777812500004 0.3154296875 0.4427083328125 0.3203125 0.4479166671875 0.3193359375 0.4548611109375 0.2861328125 0.44097222187499996 0.2685546875 0.4322916671875 0.265625 0.4201388890625 0.2763671875
0 0.375 0.2919921875 0.3888888890625 0.2958984375 0.40277777812500004 0.2861328125 0.39409722187499996 0.271484375 0.375 0.2763671875 0.375 0.2919921875