1 0.4016450015625 0.78125 0.38724912499999997 0.78125 0.3901283 0.7890625 0.378611596875 0.7890625 0.378611596875 0.78125 0.33254478593750003 0.78125 0.32822602343749996 0.7841796875 0.3440614890625 0.78515625 0.351259428125 0.7939453125 0.32966561250000004 0.796875 0.318148909375 0.7890625 0.293675915625 0.7880859375 0.2951155046875 0.78125 0.30951138125 0.78515625 0.3123905578125 0.77734375 0.36709489375 0.77734375 0.36997407187500003 0.771484375 0.398765828125 0.771484375 0.40884294218750006 0.7626953125 0.3958866515625 0.75390625 0.38724912499999997 0.759765625 0.3555781921875 0.759765625 0.35989695625 0.7626953125 0.349819840625 0.765625 0.3037530296875 0.763671875 0.29799467812499997 0.771484375 0.2720820984375 0.76171875 0.2591258078125 0.7626953125 0.27784045 0.755859375 0.3958866515625 0.751953125 0.44339304999999996 0.7138671875 0.42611799531249994 0.6728515625 0.434755521875 0.6201171875 0.44915140156250005 0.5986328125 0.4549097515625 0.5654296875 0.4376346984375 0.5537109375 0.4333159359375 0.53125 0.407403353125 0.529296875 0.378611596875 0.505859375 0.3555781921875 0.498046875 0.3411823140625 0.484375 0.32966561250000004 0.484375 0.3195884953125 0.4716796875 0.22313611249999998 0.412109375 0.07917732968749999 0.330078125 0.0071979390625 0.296875 0 0.3134765625 0.0057583515625 0.4384765625 0.126683728125 0.6083984375 0.16987136249999998 0.6572265625 0.17275053906249999 0.6708984375 0.184267240625 0.6748046875 0.184267240625 0.6865234375 0.20442147031250002 0.7041015625 0.207300646875 0.7177734375 0.227454875 0.7216796875 0.2188173484375 0.7333984375 0.23321322812499998 0.7373046875 0.25336745625 0.7822265625 0.2879175640625 0.7861328125 0.2835988015625 0.796875 0.2749612734375 0.7890625 0.264884159375 0.7900390625 0.2677633359375 0.8017578125 0.3109509703125 0.7939453125 0.29799467812499997 0.8046875 0.2735216859375 0.8056640625 0.2764008625 0.8173828125 0.2879175640625 0.8212890625 0.407403353125 0.806640625 0.41460129375 0.8017578125 0.40308459062499996 0.7939453125 0.4016450015625 0.78125
1 0.0002619140625 0.2284864359375 0.9988251312499999 0.5030407328125001 0.992342778125 0.42830419375 0.0339364828125 0.21844161093749997 0.0002619140625 0.2284864359375
0 0.48514109687499996 0.8359375 0.46930562968749995 0.8271484375 0.49089944843750005 0.77734375 0.6089456484375 0.7734375 0.627660290625 0.7568359375 0.624781115625 0.7392578125 0.5959893578125001 0.6962890625 0.5931101828124999 0.6123046875 0.6161435890625 0.5654296875 0.6075060609375 0.5244140625 0.624781115625 0.5087890625 0.63629781875 0.4697265625 0.6060664734375 0.44921875 0.571516365625 0.44921875 0.549922546875 0.4658203125 0.5441641984375 0.5009765625 0.48514109687499996 0.5234375 0.46930562968749995 0.5380859375 0.4549097515625 0.5947265625 0.440513875 0.6181640625 0.434755521875 0.6650390625 0.45778892656250003 0.7353515625 0.4477118125 0.7421875 0.41892005625 0.744140625 0.41172211562500005 0.7529296875 0.42611799531249994 0.7978515625 0.42035964375 0.8662109375 0.44339304999999996 0.8701171875 0.47074521718750006 0.865234375 0.5067349140624999 0.8486328125 0.49953697343750003 0.8359375 0.48514109687499996 0.8359375
0 0.6823646296875 0.3603515625 0.69244174375 0.365234375 0.705398034375 0.3603515625 0.69676050625 0.3525390625 0.7025188578125 0.3232421875 0.685243803125 0.3056640625 0.7025188578125 0.2802734375 0.6910021546875 0.2685546875 0.69963968125 0.2470703125 0.6866833921875 0.2421875 0.6737271015624999 0.2470703125 0.6535728703125 0.2763671875 0.647814521875 0.3330078125 0.627660290625 0.3623046875 0.627660290625 0.3701171875 0.63917699375 0.3720703125 0.6694083390625 0.32421875 0.6823646296875 0.3310546875 0.6766062765624999 0.3486328125 0.6823646296875 0.3603515625
0 0.558560075 0.2919921875 0.570076778125 0.2548828125 0.5628788390625 0.2421875 0.5355266703125 0.2626953125 0.52113079375 0.2900390625 0.52976831875 0.3115234375 0.5240099671875 0.3525390625 0.541285021875 0.3525390625 0.5470433734375 0.3115234375 0.5542413125000001 0.333984375 0.570076778125 0.3212890625 0.558560075 0.2919921875
0 0.4131617046875 0.2265625 0.3858095359375 0.2548828125 0.3800511859375 0.2939453125 0.40308459062499996 0.2958984375 0.4174804703125 0.2587890625 0.43187634687500004 0.2490234375 0.427557584375 0.2265625 0.4131617046875 0.2265625
0 0.9933155984375001 0.2392578125 0.9918760109375 0.154296875 0.9558863140625 0.1728515625 0.9501279640625 0.1845703125 0.9501279640625 0.1962890625 0.961644665625 0.2021484375 0.9443696125000001 0.2666015625 0.9530071375 0.2724609375 0.9558863140625 0.2626953125 0.9789197203125 0.2548828125 0.9817988968750001 0.2353515625 0.9933155984375001 0.2392578125
0 0.549922546875 0.2216796875 0.5441641984375 0.2431640625 0.5628788390625 0.240234375 0.5959893578125001 0.2568359375 0.598868534375 0.2119140625 0.5916705953125 0.203125 0.571516365625 0.203125 0.549922546875 0.2216796875
0 0.2994342671875 0.2275390625 0.30519261875 0.2373046875 0.290796740625 0.2666015625 0.29655509062499996 0.2685546875 0.33974272656250004 0.2158203125 0.321028084375 0.205078125 0.30519261875 0.2119140625 0.2994342671875 0.2275390625
0 0.794652478125 0.2470703125 0.80185041875 0.255859375 0.8104879437499999 0.244140625 0.8220046468750001 0.255859375 0.8292025859375001 0.2548828125 0.8378401125 0.1904296875 0.8104879437499999 0.16796875 0.7888941265625 0.1982421875 0.794652478125 0.2470703125
0 0.8824673359374999 0.162109375 0.8695110453125 0.1650390625 0.8522359906249999 0.1884765625 0.8522359906249999 0.2080078125 0.8637526937500001 0.2197265625 0.8637526937500001 0.2509765625 0.8723902203125 0.2509765625 0.8925444499999999 0.2373046875 0.904061153125 0.1982421875 0.8983028015625001 0.1767578125 0.8824673359374999 0.162109375
0 0.109408675 0.1865234375 0.118046203125 0.2060546875 0.126683728125 0.2060546875 0.1353212546875 0.1962890625 0.1353212546875 0.1787109375 0.11660661406249999 0.171875 0.109408675 0.1865234375
0 0.017275053125000002 0.2099609375 0.02591258125 0.1962890625 0.012956290625 0.189453125 0.0057583515625 0.2060546875 0.017275053125000002 0.2099609375